29	chr1	169843376	169953376	OOA	0	+	169843376	169953376	51200	2.9	6.3	5	10	1	0
288	chr1	225693377	225843377	OOA	0	+	225693377	225843377	51200	2.8	6.3	1	4	0	0
77	chr10	4830000	4930000	OOA	0	+	4830000	4930000	51200	2.6	9.4	9	5	0	0
109	chr10	37959994	38119994	OOA	0	+	37959994	38119994	51200	3.5	8.3	5	9	2	0
139	chr10	69959994	70069994	OOA	0	+	69959994	70069994	51200	4.2	19.8	2	2	0	1
947	chr15	47462708	47562708	OOA	0	+	47462708	47562708	51200	2.5	1.1	5	6	1	0
109	chr17	38246474	38346474	n/a	0	+	38246474	38346474	6579300	2.9	0	0	0	0	0
92	chr20	20082000	20192000	COS	0	+	20082000	20192000	240	5.1	64.6	0	0	10	5
103	chr22	32360000	32490000	COS	0	+	32360000	32490000	240	3.5	4.2	0	2	5	2
1889	chr4	170943425	171043425	OOA	0	+	170943425	171043425	51200	1.9	5.2	1	2	0	0
100	chr5	28914243	29034243	OOA	0	+	28914243	29034243	51200	3.8	3.1	16	16	6	0
136	chr6	66103279	66203279	OOA	0	+	66103279	66203279	51200	5.7	28.1	6	6	0	0
104	chr9	32950000	33050000	OOA	0	+	32950000	33050000	51200	2.8	4.2	7	14	0	0
